0.11
0.11
0.09
0.00
0.08
0.40
0.00
0.14
0.00
0.14
0.23
0.00
0.00
0.11
0.20
0.00
0.25
0.20
0.11
0.09
0.00
0.08
0.40
0.00
0.14
0.00
0.14
0.23
0.00
0.00
0.11
0.20
0.00
0.25
0.20
0.22
0.00
0.14
0.11
0.10
0.33
0.20
0.13
0.00
0.15
0.00
0.00
0.00
0.33
0.12
0.05
0.11
0.11
0.06
0.17
0.00
0.00
0.20
0.11
0.00
0.14
0.14
0.25
0.00
0.00
0.00
0.00
0.25
0.20
0.00
0.09
0.00
0.00
0.00
0.00
0.00
0.00
0.00
0.00
0.00
0.00
0.00
0.00
0.00
0.00
0.00
0.00
0.00
0.00
0.00
0.00
0.00
0.00
0.00
0.00
0.00
0.00
0.00
0.00
0.00
0.00
0.00
0.00
0.00
0.00
0.00
0.00
0.00
0.00
0.11
0.20
0.14
0.14
0.12
0.00
0.20
0.11
0.18
0.11
0.09
0.00
0.08
0.40
0.33
0.14
0.17
0.14
0.08
0.00
0.00
0.11
0.00
0.17
0.25
0.20
0.00
0.00
0.29
0.11
0.00
0.33
0.40
0.00
0.11
0.10
0.00
0.20
0.00
0.33
0.12
0.00
0.11
0.11
0.06
0.17
0.00
0.25
0.20
0.22
0.20
0.29
0.29
0.25
0.00
0.20
0.20
0.11
0.11
