0.17
0.17
0.13
0.00
0.13
0.53
0.00
0.18
0.00
0.18
0.33
0.00
0.00
0.17
0.25
0.00
0.31
0.27
0.17
0.13
0.00
0.13
0.53
0.00
0.18
0.00
0.18
0.33
0.00
0.00
0.17
0.25
0.00
0.31
0.27
0.25
0.00
0.17
0.14
0.12
0.36
0.22
0.18
0.00
0.21
0.00
0.00
0.00
0.40
0.15
0.07
0.13
0.14
0.10
0.22
0.00
0.00
0.22
0.15
0.00
0.17
0.17
0.31
0.00
0.00
0.00
0.00
0.20
0.22
0.00
0.13
0.00
0.00
0.00
0.00
0.00
0.00
0.00
0.00
0.00
0.00
0.00
0.00
0.00
0.00
0.00
0.00
0.00
0.00
0.00
0.00
0.00
0.00
0.00
0.00
0.00
0.00
0.00
0.00
0.00
0.00
0.00
0.00
0.00
0.00
0.00
0.00
0.00
0.00
0.15
0.20
0.17
0.17
0.14
0.00
0.22
0.17
0.27
0.17
0.12
0.00
0.13
0.53
0.36
0.18
0.22
0.20
0.11
0.00
0.00
0.17
0.00
0.22
0.31
0.27
0.00
0.00
0.31
0.14
0.00
0.36
0.44
0.00
0.12
0.15
0.00
0.20
0.00
0.40
0.13
0.00
0.11
0.15
0.09
0.22
0.00
0.33
0.29
0.31
0.20
0.31
0.33
0.29
0.00
0.22
0.24
0.18
0.14
