0.33
0.33
0.25
0.00
0.33
0.80
0.00
0.25
0.00
0.25
0.60
0.00
0.00
0.33
0.33
0.00
0.40
0.40
0.33
0.25
0.00
0.33
0.80
0.00
0.25
0.00
0.25
0.60
0.00
0.00
0.33
0.33
0.00
0.40
0.40
0.29
0.00
0.20
0.20
0.17
0.40
0.25
0.29
0.00
0.38
0.00
0.00
0.00
0.50
0.20
0.11
0.17
0.20
0.20
0.33
0.00
0.00
0.25
0.25
0.00
0.20
0.20
0.40
0.00
0.00
0.00
0.00
0.17
0.25
0.00
0.25
0.00
0.00
0.00
0.00
0.00
0.00
0.00
0.00
0.00
0.00
0.00
0.00
0.00
0.00
0.00
0.00
0.00
0.00
0.00
0.00
0.00
0.00
0.00
0.00
0.00
0.00
0.00
0.00
0.00
0.00
0.00
0.00
0.00
0.00
0.00
0.00
0.00
0.00
0.25
0.20
0.20
0.20
0.17
0.00
0.25
0.33
0.50
0.33
0.20
0.00
0.50
0.80
0.40
0.25
0.33
0.33
0.20
0.00
0.00
0.33
0.00
0.33
0.40
0.40
0.00
0.00
0.33
0.20
0.00
0.40
0.50
0.00
0.14
0.29
0.00
0.20
0.00
0.50
0.14
0.00
0.11
0.25
0.14
0.33
0.00
0.50
0.50
0.50
0.20
0.33
0.40
0.33
0.00
0.25
0.29
0.50
0.20
